        0      617
        1      617
        2      617
        3      617
        4      617
        5      617
        6      617
        7      617
        8      617
        9      617
       10      617
       11      617
       12      617
       13      617
       14      617
       15      617
       16      617
       17      617
       18      617
       19      617
       20      617
       21      617
       22      617
       23      617
       24      617
       25      617
       26      617
       27      617
       28      617
       29      617
       30      617
       31      617
       32      617
       33      617
       34      617
       35      617
       36      617
       37      617
       38      617
       39      617
       40      617
       41      617
       42      617
       43      617
       44      617
       45      617
       46      617
       47      617
       48      617
       49      617
       50      617
       51      617
       52      617
       53      617
       54      617
       55      617
       56      617
       57      617
       58      617
       59      617
       60      617
       61      617
       62      617
       63      617
       64      617
       65      617
       66      617
       67      617
       68      617
       69      617
       70      617
       71      617
       72      617
       73      617
       74      617
       75      617
       76      617
       77      617
       78      617
       79      617
       80      617
       81      617
       82      617
       83      617
       84      617
       85      617
       86      617
       87      617
       88      617
       89      617
       90      617
       91      617
       92      617
       93      617
       94      617
       95      617
       96      617
       97      617
       98      617
       99      617
      100      617
      101      617
      102      617
      103      617
      104      617
      105      617
      106      617
      107      617
      108      617
      109      617
      110      617
      111      617
      112      617
      113      616
      114      616
      115      616
      116      616
      117      616
      118      616
      119      616
      120      616
      121      616
      122      616
      123      616
      124      616
      125      616
      126      616
      127      616
