        0      316
        1      316
        2      316
        3      316
        4      316
        5      316
        6      316
        7      316
        8      316
        9      316
       10      316
       11      316
       12      316
       13      316
       14      316
       15      316
       16      316
       17      316
       18      316
       19      316
       20      316
       21      316
       22      316
       23      316
       24      316
       25      316
       26      316
       27      316
       28      316
       29      316
       30      316
       31      316
       32      316
       33      316
       34      316
       35      316
       36      316
       37      316
       38      316
       39      316
       40      316
       41      316
       42      316
       43      316
       44      316
       45      316
       46      316
       47      316
       48      316
       49      316
       50      316
       51      316
       52      316
       53      316
       54      316
       55      316
       56      316
       57      316
       58      316
       59      316
       60      316
       61      316
       62      316
       63      316
       64      316
       65      316
       66      316
       67      316
       68      316
       69      316
       70      316
       71      316
       72      316
       73      316
       74      316
       75      316
       76      316
       77      316
       78      316
       79      316
       80      316
       81      315
       82      315
       83      315
       84      315
       85      315
       86      315
       87      315
       88      315
       89      315
       90      315
       91      315
       92      315
       93      315
       94      315
       95      315
       96      315
       97      315
       98      315
       99      315
      100      315
      101      315
      102      315
      103      315
      104      315
      105      315
      106      315
      107      315
      108      315
      109      315
      110      315
      111      315
      112      315
      113      315
      114      315
      115      315
      116      315
      117      315
      118      315
      119      315
      120      315
      121      315
      122      315
      123      315
      124      315
      125      315
      126      315
      127      315
